Matrix A
1	0,226771115831805	0,896371793561718	-0,206632860692982	0	0	
0	1	165,590476690241	2,70121552352594	28,4379564234972	-6,84617463149024	
0	0	1	0,120326646335003	0,37263813689308	-0,0875602799052199	
0	0	0	1	44,8879306811568	0,727159692039194	
0	0	0	0	1	0,114092589203922	
0	0	0	0	0	1	
0	0	0	0	0	0	
0	0	0	0	0	0	
0	0	0	0	0	0	
0	0	0	0	0	0	

 Vectors 
 b	q
-18,3213958512903	-18,3213958512903
105,86640182636	105,86640182636
-0,213298209377419	-0,213298209377419
19,1281900361749	19,1281900361749
0,214919832625308	0,214919832625308
13,7473811595672	13,7473811595672
0,365851173449343	0,365851173449343
12,178975270325	12,178975270325
5,44655405126137	5,44655405126137
36,2482314838579	36,2482314838579
P-vector
-0,408923762366688
-0,333433775778161
-0,259572646525053
-0,187327924147932
-0,116687158187364
-0,0476378981838983
0,0198323063219095
0,0857359057894986
0,150085350678306
0,212893091447778
0,274171578557358
0,333933262466483
0,392190593634596
0,44895602252114
0,50424199958556
0,558060975287298
0,610425400085781
0,661347724440469
0,710840398810793
0,758915873656202
0,805586599436134
0,85086502661003
0,89476360563733
0,937294786977487
0,978471021089925
1,0183047584341
1,05680844946945
1,09399454465541
1,12987549445144
1,16446374931696
1,19777175971142
1,22981197609426
1,26059684892494
1,29013882866287
1,31845036576752
1,34554391069831
1,3714319139147
1,39612682587612
1,41964109704202
1,44198717787183
1,46317751882501
1,48322457036098
1,5021407829392
1,5199386070191
1,53663049306013
1,55222889152172
1,56674625286332
1,58019502754438
1,59258766602433
1,60393661876262
1,61425433621868
1,62355326885196
1,6318458671219
1,63914458148795
1,64546186240953
1,6508101603461
1,65520192575711
1,65864960910198
1,66116566084016
1,66276253143109
1,66345267133423
1,66324853100899
1,66216256091483
1,6602072115112
1,65739493325753
1,65373817661326
1,64924939203783
1,6439410299907
1,63782554093129
1,63091537531905
1,62322298361343
1,61476081627386
1,60554132375979
1,59557695653065
1,5848801650459
1,57346339976496
1,5613391111473
1,54851974965232
1,53501776573951
1,52084560986828
1,50601573249808
1,49054058408836
1,47443261509854
1,45770427598808
1,44036801721643
1,42243628924301
1,40392154252727
1,38483622752865
1,3651927947066
1,34500369452057
1,32428137742996
1,30303829389426
1,28128689437289
1,25903962932528
1,2363089492109
1,21310730448918
1,18944714561955
1,16534092306146
1,14080108727436
1,11584008871768
1,09047037785087
1,06470440513336
1,03855462102461
1,01203347598405
0,985153420471118
0,957926904945264
0,930366379865919
0,902484295692549
0,874293102884574
0,845805251901429
0,817033193202578
0,787989377247456
0,758686254495492
0,729136275406146
0,699351890438848
0,669345550053043
0,639129704708179
0,608716804863686
0,578119300979007
0,547349643513601
0,516420282926881
0,485343669678319
0,454132254227329
0,422798487033378
0,391354818555893
0,359813699254316
0,32818757958809
0,296488910016668
0,264730140999469
0,232923722995962
0,201082106465569
0,16921774186773
0,13734307966191
0,105470570307519
0,073612664264028
0,0417818119908535
0,00999046394746195
-0,0217489294067197
-0,0534239176122537
-0,0850220502096875
-0,116530876739585
-0,147937946742502
-0,179230809758997
-0,210397015329636
-0,241424112994953
-0,272299652295536
-0,303011182771932
-0,333546253964696
-0,363892415414388
-0,39403721666156
-0,423968207246787
-0,453672936710597
-0,483138954593583
-0,512353810436295
-0,541305053779277
-0,569980234163082
-0,598366901128295
-0,626452604215464
-0,654224892965142
-0,681671316917876
-0,708779425614246
-0,73553676859479
-0,761930895400089
-0,787949355570681
-0,813579698647144
-0,838809474170003
-0,86362623167985
-0,888017520717242
-0,911970890822711
-0,935473891536832
-0,958514072400175
-0,98107898295326
-1,0031561727367
-1,02473319129101
-1,04579758815676
-1,06633691287451
-1,08633871498481
-1,10579054402825
-1,12467994954533
-1,14299448107666
-1,16072168816279
-1,17784912034426
-1,19436432716164
-1,21025485815547
-1,22550826286635
-1,2401120908348
-1,25405389160138
-1,26732121470668
-1,27990160969121
-1,29178262609558
-1,30295181346031
-1,31339672132597
-1,32310489923313
-1,33206389672231
-1,34026126333413
-1,34768454860908
-1,35432130208778
-1,36015907331076
-1,36518541181855
-1,36938786715178
-1,37275398885094
-1,3752713264566
-1,37692742950936
-1,37770984754973
-1,3776061301183
-1,3766038267556
-1,37469048700222
-1,37185366039871
-1,3680808964856
-1,36335974480347
-1,35767775489288
-1,35102247629441
-1,34338145854858
-1,33474225119594
-1,32509240377709
-1,31441946583256
-1,30271098690292
-1,28995451652873
-1,27613760425054
-1,2612477996089
-1,24527265214439
-1,22819971139757
-1,21001652690895
-1,19071064821915
-1,17026962486871
-1,14868100639817
-1,12593234234809
-1,10201118225904
-1,07690507567156
-1,05060157212626
-1,02308822116364
-0,994352572324285
-0,964382175148739
-0,933164579177594
-0,900687333951355
-0,866937989010603
-0,831904093895936
-0,795573198147856
-0,757932851306935
-0,718970602913755
-0,678674002508844
-0,637030599632792
-0,594027943826136
-0,54965358462943
-0,503895071583249
-0,456739954228136
-0,408175782104655
-0,35819010475338
-0,306770471714845
-0,253904432529618
-0,194201660586167
-0,118828025528574
-0,0450652374119791
0,0270990360714331
0,097677127229491
0,16668136837001
0,234124091800818
0,300017629829731
0,364374314764576
0,42720647891317
0,48852645458334
0,548346574082903
0,606679169719684
0,663536573801501
0,718931118636182
0,772875136531542
0,825380959795408
0,876460920735597
0,926127351659936
0,974392584876242
1,02126895269234
1,06676878741605
1,1109044213552
1,1536881868176
1,19513241611108
1,23524944154346
1,27405159542256
1,3115512100562
1,34776061775221
1,38269215081841
1,41635814156262
1,44877092229265
1,47994282531634
1,5098861829415
1,53861332747596
1,56613659122754
1,59246830650406
1,61762080561333
1,64160642086319
1,66443748456146
1,68612632901595
1,70668528653449
1,7261266894249
1,744462869995
1,76170616055262
1,77786889340557
1,79296340086168
1,80700201522876
1,81999706881465
1,83196089392716
1,84290582287412
1,85284418796334
1,86178832150265
1,86975055579987
1,87674322316282
1,88277865589932
1,8878691863172
1,89202714672428
1,89526486942837
1,89759468673731
1,89902893095891
1,89957993440099
1,89926002937138
1,89808154817789
1,89605682312835
1,89319818653059
1,88951797069242
1,88502850792166
1,87974213052614
1,87367117081368
1,8668279610921
1,85922483366921
1,85087412085286
1,84178815495085
1,831979268271
1,82145979312115
1,8102420618091
1,79833840664269
1,78576115992973
1,77252265397805
1,75863522109546
1,7441111935898
1,72896290376888
1,71320268394052
1,69684286641254
1,67989578349277
1,66237376748903
1,64428915070914
1,62565426546093
1,6064814440522
1,58678301879079
1,56657132198452
1,54585868594121
1,52465744296868
1,50297992537475
1,48083846546725
1,458245395554
1,43521304794281
1,41175375494151
1,38787984885792
1,36360366199987
1,33893752667517
1,31389377519165
1,28848473985712
1,26272275297942
1,23662014686636
1,21018925382577
1,18344240616546
1,15639193619326
1,12905017621699
1,10142945854446
1,07354211548352
1,04540047934196
1,01701688242763
0,988403657048329
0,959573135511892
0,930537650126135
0,901309533198883
0,871901117037956
0,842324733951177
0,812592716246366
0,782717396231346
0,752711106213939
0,722586178501966
0,692354945403251
0,662029739225612
0,631622892276874
0,601146736864858
0,570613605297384
0,540035829882275
0,509425742927351
0,478795676740441
0,448157963629358
0,417524935901927
0,386908925865973
0,356322265829312
0,325777288099768
0,295286324985164
0,264861708793322
0,234515771832061
0,204260846409209
0,174109264832581
0,14407335941
0,11416546244929
0,0843979062582714
0,0547830231447668
0,0253331454165977
-0,00393939461841519
-0,0330222646524481
-0,0619031323776797
-0,0905696654862902
-0,119009531670455
-0,147210398622354
-0,175159934034167
-0,202845805598067
-0,230255681006238
-0,257377227950854
-0,284198114124097
-0,310706007218144
-0,336888574925171
-0,362733484937357
-0,388228404946882
-0,413361002645924
-0,438118945726656
-0,462489901881265
-0,486461538801925
-0,510021524180811
-0,533157525710105
-0,555857211081985
-0,578108247988631
-0,599898304122214
-0,621215047174922
-0,642046144838924
-0,662379264806404
-0,682202074769541
-0,701502242420508
-0,720267435451488
-0,738485321554658
-0,756143568422193
-0,773229843746273
-0,789731815219083
-0,805637150532792
-0,820933517379582
-0,835608583451628
-0,849650016441113
-0,863045484040216
-0,875782653941105
-0,887849193835972
-0,899232771416986
-0,909921054376327
-0,919901710406176
-0,929162407198712
-0,937690812446109
-0,945474593840546
-0,952501419074197
-0,958758955839251
-0,964234871827883
-0,968916834732264
-0,972792512244579
-0,975849572057002
-0,978075681861717
-0,979458509350897
-0,979985722216725
-0,979644988151368
-0,978423974847017
-0,976310349995849
-0,973291781290034
-0,969355936421759
-0,964490483083196
-0,958683088966527
-0,951921421763925
-0,94419314916757
-0,935485938869652
-0,925787458562331
-0,915085375937795
-0,903367358688221
-0,890621074505788
-0,876834191082672
-0,861994376111054
-0,846089297283107
-0,829106622291016
-0,811034018826955
-0,791859154583106
-0,771569697251639
-0,75015331452474
-0,727597674094584
-0,703890443653355
-0,679019290893221
-0,652971883506368
-0,62573588918497
-0,597298975621207
-0,567648810507265
-0,536773061535308
-0,504659396397519
-0,471295482786079
-0,436668988393163
-0,400767580910957
-0,363578928031629
-0,325090697447364
-0,285290556850338
-0,244166173932723
-0,201705216386713
-0,157895351904475
-0,112724248178184
-0,0661795729000213
-0,0182489937621771
0,0310798215431874
0,0818192053238885
0,133981489887748
0,187579007542577
0,242285124828119
0,296077455847242
0,34862700683783
0,399943647184029
0,450037246269996
0,498917673479884
0,546594798197853
0,593078489808045
0,63837861769462
0,682505051241731
0,725467659833537
0,767276312854176
0,807940879687816
0,847471229718606
0,885877232330699
0,923168756908249
0,959355672835409
0,994447849496332
1,02845515627517
1,06138746255609
1,09325463772322
1,12406655116074
1,15383307225278
1,18256407038351
1,21026941493708
1,23695897529764
1,26264262084934
1,28733022097635
1,31103164506281
1,33375676249287
1,35551544265069
1,37631755492043
1,39617296868622
1,41509155333224
1,43308317824264
1,45015771280156
1,46632502639316
1,4815949884016
1,49597746821102
1,50948233520558
1,52211945876944
1,53389870828674
1,54482995314165
1,55492306271831
1,56418790640088
1,57263435357351
1,58027227362036
1,58711153592558
1,59316200987331
1,59843356484773
1,60293607023297
1,6066793954132
1,60967340977256
1,61192798269521
1,61345298356531
1,614258281767
1,61435374668445
1,6137492477018
1,6124546542032
1,61047983557282
1,6078346611948
1,60452900045329
1,60057272273246
1,59597569741646
1,59074779388943
1,58489888153554
1,57843882973892
1,57137750788375
1,56372478535418
1,55549053153434
1,54668461580841
1,53731690756053
1,52739727617486
1,51693559103554
1,50594172152674
1,49442553703261
1,48239690693729
1,46986570062496
1,45684178747974
1,44333503688581
1,42935531822732
1,41491250088841
1,40001645425324
1,38467704770597
1,36890415063075
1,35270763241173
1,33609736243306
1,31908321007891
1,30167504473341
1,28388273578073
1,26571615260503
1,24718516459044
1,22829964112113
1,20906945158125
1,18950446535496
1,1696145518264
1,14940958037973
1,12889942039911
1,10809394126868
1,0870030123726
1,06563650309503
1,04400428282012
1,02211622093202
0,999982186814883
0,977612049852865
0,95501567943012
0,932202944930799
0,909183715739059
0,88596786123905
0,862565250814927
0,838985753850845
0,815239239730956
0,791335577839412
0,76728463756037
0,743096288277979
0,718780399376398
0,694346840239776
0,669805480252268
0,645166188798029
0,62043883526121
0,595633289025965
0,570759419476448
0,545827095996813
0,520846187971213
0,495826564783804
0,470778095818734
0,445710650460161
0,420634098092238
0,395558308099115
0,37049314986495
0,345448492773894
0,320434206210103
0,295460159557726
0,270536222200921
0,245672263523838
0,220878152910634
0,196163759745459
0,171538953412468
0,147013603295817
0,122597578779657
0,0983007492481394
0,0741329840854204
0,0501041526756547
0,0262241244029926
0,00250276865158905
-0,0210500451944022
-0,0444244477508258
-0,0676105696335327
-0,0905985414583665
-0,113378493841173
-0,135940557397799
-0,158274862744093
-0,180371540495902
-0,202220721269069
-0,223812535679442
-0,245137114342869
-0,266184587875195
-0,286945086892266
-0,30740874200993
-0,327565683844031
-0,347406043010418
-0,366919950124938
-0,386097535803434
-0,404928930661758
-0,423404265315751
-0,441513670381263
-0,459247276474138
-0,476595214210225
-0,493547614205369
-0,510094607075415
-0,526226323436212
-0,541932893903608
-0,557204449093445
-0,572031119621573
-0,586403036103836
-0,600310329156082
-0,613743129394157
-0,626691567433908
-0,639145773891182
-0,651095879381823
-0,662532014521682
-0,673444309926602
-0,68382289621243
-0,69365790399501
-0,702939463890195
-0,711657706513825
-0,71980276248175
-0,727364762409812
-0,734333836913866
-0,740700116609753
-0,746453732113321
-0,751584814040413
-0,75608349300688
-0,759939899628565
-0,763144164521318
-0,765686418300983
-0,767556791583408
-0,768745414984437
-0,76924241911992
-0,769037934605697
-0,768122092057622
-0,766485022091543
-0,764116855323298
-0,761007722368738
-0,757147753843708
-0,752527080364057
-0,747135832545632
-0,740964141004277
-0,734002136355834
-0,72623994921616
-0,717667710201093
-0,708275549926487
-0,69805359900818
-0,686991988062025
-0,675080847703861
-0,662310308549544
-0,648670501214916
-0,634151556315824
-0,618743604468113
-0,602436776287632
-0,585221202390224
-0,567087013391738
-0,548024339908023
-0,528023312554917
-0,507074061948274
-0,48516671870394
-0,462291413437761
-0,438438276765582
-0,413597439303248
-0,387759031666609
-0,36091318447151
-0,333050028333798
-0,304159693869318
-0,27423231169392
-0,243258012423444
-0,211226926673744
-0,178129185060661
-0,143954918200043
-0,108694256707738
-0,0723373311995927
-0,0348742722914497
0,00370478940084079
0,0434097232614323
0,0842503986744791
0,126236685024132
0,169378451694557
0,213685568069885
0,259167903534291
0,30583532747192
0,353697709266925
0,391774112001247
0,425692221997707
0,458877193340285
0,491334401718027
0,523069222819988
0,554087032335215
0,584393205952762
0,613993119361677
0,642892148251013
0,671095668309819
0,698609055227148
0,725437684692048
0,751586932393573
0,77706217402077
0,801868785262693
0,826012141808391
0,849497619346916
0,872330593567317
0,894516440158647
0,916060534809955
0,936968253210293
0,957244971048711
0,97689606401426
0,99592690779599
1,01434287808295
1,0321493505642
1,04935170092878
1,06595530486575
1,08196553806415
1,09738777621303
1,11222739500146
1,12648977011847
1,14018027725312
1,15330429209446
1,16586719033155
1,17787434765342
1,18933113974913
1,20024294230774
1,21061513101829
1,22045308156984
1,22976216965143
1,23854777095211
1,24681526116094
1,25457001596697
1,26181741105925
1,26856282212683
1,27481162485875
1,28056919494408
1,28584090807186
1,29063213993114
1,29494826621097
1,29879466260041
1,3021767047885
1,30509976846429
1,30756922931684
1,3095904630352
1,31116884530842
1,31230975182554
1,31301855827562
1,31330064034772
1,31316137373087
1,31260613411413
1,31164029718656
1,3102692386372
1,3084983341551
1,30633295942932
1,3037784901489
1,3008403020029
1,29752377068037
1,29383427187035
1,2897771812619
1,28535787454407
1,28058172740591
1,27545411553647
1,2699804146248
1,26416600035996
1,25801624843099
1,25153653452694
1,24473223433686
1,23760872354982
1,23017137785484
1,222425572941
1,21437668449733
1,20603008821289
1,19739115977673
1,1884652748779
1,17925780920545
1,16977413844843
1,1600196382959
1,14999968443689
1,13971965256047
1,12918491835569
1,11840085751159
1,10737284571723
1,09610625866165
1,08460647203392
1,07287886152307
1,06092880281816
1,04876167160824
1,03638284358236
1,02379769442957
1,01101159983893
0,998029935499478
0,984858077100271
0,971501400330358
0,957965280878792
0,944255094434621
0,930376216686898
0,916334023324671
0,902133890036994
0,887781192512917
0,873281306441489
0,858639607511762
0,843861471412789
0,828952273833617
0,813917390463298
0,798762196990884
0,783492069105424
0,768112382495969
0,752628512851573
0,737045835861283
0,72136972721415
0,705605562599227
0,689758717705562
0,67383456822221
0,657838489838217
0,641775858242636
0,625652049124519
0,609472438172915
0,593242401076874
0,576967313525449
0,560652551207689
0,544303489812647
0,527925505029371
0,511523972546913
0,495104268054325
0,478671767240655
0,462231845794956
0,445789879406281
0,429351243763675
0,412921314556193
0,396505467472883
0,3801090782028
0,363737522434989
0,347396175858507
0,331090414162399
0,314825613035719
0,298607148167518
0,282440395246846
0,266330729962754
0,250283528004293
0,234304165060512
0,218398016820465
0,202570458973198
0,186826867207767
0,17117261721322
0,155613084678608
0,140153645292981
0,124799674745392
0,10955654872489
0,0944296429205265
0,0794243330213513
0,0645459947164175
0,0498000036947737
0,0351917356454736
0,0207265662575615
0,00640987122009484
-0,00775297377787787
-0,0217565930473063
-0,0355956108991409
-0,0492646516443278
-0,0627583395938176
-0,0760712990585599
-0,0891981543495053
-0,1021335297776
-0,114872049653794
-0,127408338289039
-0,139737019994283
-0,151852719080472
-0,16375005985856
-0,175423666639491
-0,18686816373422
-0,198078175453695
-0,209048326108862
-0,219773240010671
-0,230247541470074
-0,240465854798018
-0,250422804305452
-0,260113014303324
-0,269531109102588
-0,278671713014191
-0,287529450349078
-0,296098945418205
-0,304374822532518
-0,312351706002962
-0,320024220140494
-0,32738698925606
-0,334434637660608
-0,341161789665088
-0,347563069580449
-0,353633101717643
-0,359366510387612
-0,364757919901314
-0,369801954569693
-0,3744932387037
-0,378826396614282
-0,38279605261239
-0,386396831008975
-0,389623356114983
-0,392470252241366
-0,39493214369907
-0,397003654799049
-0,398679409852246
-0,399954033169611
-0,400822149062103
-0,401278381840657
-0,401317355816232
-0,400933695299776
-0,400122024602232
-0,398876968034558
-0,397193149907698
-0,3950651945326
-0,39248772622022
-0,389455369281501
-0,38596274802739
-0,382004486768842
-0,377575209816806
-0,372669541482229
-0,367282106076062
-0,361407527909251
-0,355040431292746
-0,348175440537501
-0,340807179954459
-0,332930273854571
-0,324539346548789
-0,315629022348061
-0,306193925563337
-0,296228680505561
-0,285727911485687
-0,274686242814664
-0,263098298803441
-0,250958703762961
-0,238262082004185
-0,225003057838055
-0,211176255575523
-0,196776299527532
-0,18179781400504
-0,16623542331899
-0,150083751780336
-0,133337423700022
