0,926955876900259
0,936225435669262
0,945494994438264
0,954764553207267
0,96403411197627
0,973303670745272
0,982573229514275
0,991842788283278
0,00111234705228019
0,0103819058212826
0,019651464590285
0,0289210233592882
0,0381905821282906
0,047460140897293
0,0567296996662954
0,0659992584352986
0,075268817204301
0,0845383759733034
0,0938079347423058
0,103077493511309
0,112347052280311
0,121616611049314
0,130886169818316
0,140155728587319
0,149425287356322
0,158694846125324
0,167964404894327
0,177233963663329
0,186503522432332
0,195773081201335
0,205042639970337
0,21431219873934
0,223581757508343
0,232851316277345
0,242120875046348
0,25139043381535
0,260659992584353
0,269929551353356
0,279199110122358
0,28846866889136
0,297738227660364
0,307007786429366
0,316277345198368
0,325546903967371
0,334816462736374
0,344086021505376
0,353355580274379
0,362625139043381
0,371894697812384
0,381164256581387
0,390433815350389
0,399703374119392
0,408972932888394
0,418242491657397
0,4275120504264
0,436781609195402
0,446051167964405
0,455320726733408
0,46459028550241
0,473859844271412
0,483129403040415
0,492398961809418
0,50166852057842
0,510938079347423
0,520207638116425
0,529477196885428
0,538746755654431
0,548016314423433
0,557285873192436
0,566555431961439
0,575824990730441
0,585094549499444
0,594364108268446
0,603633667037449
0,612903225806452
0,622172784575454
0,631442343344457
0,640711902113459
0,649981460882462
0,659251019651465
0,668520578420467
0,67779013718947
0,687059695958473
0,696329254727475
0,705598813496477
0,71486837226548
0,724137931034483
0,733407489803485
0,742677048572488
0,75194660734149
0,761216166110493
0,770485724879496
0,779755283648498
0,789024842417501
0,798294401186504
0,807563959955506
0,816833518724509
0,826103077493511
0,835372636262514
0,844642195031517
0,853911753800519
0,863181312569521
0,872450871338524
0,881720430107527
0,890989988876529
0,900259547645532
0,909529106414535
0,918798665183537
0,92806822395254
0,937337782721542
0,946607341490545
0,955876900259548
0,96514645902855
0,974416017797553
0,983685576566556
0,992955135335558
0,00222469410456079
0,0114942528735632
0,020763811642566
0,0300333704115684
0,0393029291805712
0,0485724879495736
0,0578420467185764
0,0671116054875788
0,0763811642565816
0,085650723025584
0,0949202817945864
0,104189840563589
0,113459399332592
0,122728958101594
0,131998516870597
0,1412680756396
0,150537634408602
0,159807193177605
0,169076751946607
0,17834631071561
0,187615869484613
0,196885428253615
0,206154987022618
0,215424545791621
0,224694104560623
0,233963663329626
0,243233222098628
0,252502780867631
0,261772339636633
0,271041898405636
0,280311457174639
0,289581015943641
0,298850574712644
0,308120133481647
0,317389692250649
0,326659251019651
0,335928809788654
0,345198368557657
0,354467927326659
0,363737486095662
0,373007044864665
0,382276603633667
0,39154616240267
0,400815721171672
0,410085279940675
0,419354838709677
0,42862439747868
0,437893956247683
0,447163515016685
0,456433073785688
0,465702632554691
0,474972191323693
0,484241750092696
0,493511308861698
0,502780867630701
0,512050426399703
0,521319985168706
0,530589543937709
0,539859102706712
0,549128661475714
0,558398220244716
0,567667779013719
0,576937337782722
0,586206896551724
0,595476455320727
0,60474601408973
0,614015572858732
0,623285131627735
0,632554690396737
0,64182424916574
0,651093807934742
0,660363366703745
0,669632925472748
0,67890248424175
0,688172043010753
0,697441601779756
0,706711160548758
0,715980719317761
0,725250278086763
0,734519836855766
0,743789395624768
0,753058954393771
0,762328513162774
0,771598071931776
0,780867630700779
0,790137189469781
0,799406748238784
0,808676307007786
0,817945865776789
0,827215424545792
0,836484983314794
0,845754542083797
0,8550241008528
0,864293659621802
0,873563218390805
0,882832777159807
0,89210233592881
0,901371894697813
0,910641453466815
0,919911012235818
0,929180571004821
0,938450129773823
0,947719688542826
0,956989247311828
0,966258806080831
0,975528364849833
0,984797923618836
0,994067482387839
0,00333704115684139
0,0126065999258438
0,0218761586948462
0,031145717463849
0,0404152762328518
0,0496848350018542
0,0589543937708566
0,0682239525398594
0,0774935113088618
0,0867630700778646
0,096032628846867
0,10530218761587
0,114571746384872
0,123841305153875
0,133110863922877
0,14238042269188
0,151649981460883
0,160919540229885
0,170189098998888
0,179458657767891
0,188728216536893
0,197997775305896
0,207267334074898
0,216536892843901
0,225806451612903
0,235076010381906
0,244345569150909
0,253615127919911
0,262884686688914
0,272154245457917
0,281423804226919
0,290693362995921
0,299962921764924
0,309232480533927
0,318502039302929
0,327771598071932
0,337041156840935
0,346310715609937
0,35558027437894
0,364849833147942
0,374119391916945
0,383388950685947
0,39265850945495
0,401928068223953
0,411197626992955
0,420467185761958
0,429736744530961
0,439006303299963
0,448275862068965
0,457545420837968
0,466814979606971
0,476084538375973
0,485354097144976
0,494623655913979
0,503893214682982
0,513162773451984
0,522432332220986
0,531701890989989
0,540971449758992
0,550241008527994
0,559510567296997
0,568780126065999
0,578049684835002
0,587319243604005
0,596588802373007
0,60585836114201
0,615127919911012
0,624397478680015
0,633667037449018
0,64293659621802
0,652206154987023
0,661475713756026
0,670745272525028
0,68001483129403
0,689284390063033
0,698553948832036
0,707823507601038
0,717093066370041
0,726362625139043
0,735632183908046
0,744901742677049
0,754171301446051
0,763440860215054
0,772710418984057
0,781979977753059
0,791249536522062
0,800519095291064
0,809788654060067
0,81905821282907
0,828327771598072
0,837597330367075
0,846866889136077
0,85613644790508
0,865406006674082
0,874675565443085
0,883945124212088
0,89321468298109
0,902484241750093
0,911753800519095
0,921023359288098
0,930292918057101
0,939562476826103
0,948832035595106
0,958101594364108
0,967371153133111
0,976640711902114
0,985910270671116
0,995179829440119
0,00444938820912137
0,013718946978124
0,0229885057471266
0,0322580645161292
0,0415276232851316
0,0507971820541344
0,0600667408231368
0,0693362995921396
0,078605858361142
0,0878754171301448
0,0971449758991472
0,10641453466815
0,115684093437152
0,124953652206155
0,134223210975158
0,14349276974416
0,152762328513163
0,162031887282165
0,171301446051168
0,180571004820171
0,189840563589173
0,199110122358176
0,208379681127178
0,217649239896181
0,226918798665184
0,236188357434186
0,245457916203189
0,254727474972191
0,263997033741194
0,273266592510196
0,282536151279199
0,291805710048202
0,301075268817204
0,310344827586207
0,31961438635521
0,328883945124212
0,338153503893215
0,347423062662217
0,35669262143122
0,365962180200222
0,375231738969225
0,384501297738228
0,39377085650723
0,403040415276233
0,412309974045235
0,421579532814238
0,430849091583241
0,440118650352243
0,449388209121246
0,458657767890248
0,467927326659251
0,477196885428254
0,486466444197256
0,495736002966259
0,505005561735261
0,514275120504264
0,523544679273266
0,532814238042269
0,542083796811272
0,551353355580274
0,560622914349277
0,56989247311828
0,579162031887282
0,588431590656285
0,597701149425287
0,60697070819429
0,616240266963292
0,625509825732295
0,634779384501298
0,6440489432703
0,653318502039303
0,662588060808305
0,671857619577308
0,681127178346311
0,690396737115313
0,699666295884316
0,708935854653318
0,718205413422321
0,727474972191324
0,736744530960326
0,746014089729329
0,755283648498331
0,764553207267334
0,773822766036337
0,783092324805339
0,792361883574342
0,801631442343344
0,810901001112347
0,82017055988135
0,829440118650352
0,838709677419355
0,847979236188357
0,85724879495736
0,866518353726363
0,875787912495365
0,885057471264368
0,89432703003337
0,903596588802373
0,912866147571376
0,922135706340378
0,931405265109381
0,940674823878383
0,949944382647386
0,959213941416389
0,968483500185391
0,977753058954394
0,987022617723396
0,996292176492399
0,00556173526140146
0,0148312940304041
0,0241008527994066
0,0333704115684092
0,0426399703374118
0,0519095291064144
0,061179087875417
0,0704486466444196
0,0797182054134222
0,0889877641824249
0,0982573229514275
0,10752688172043
0,116796440489433
0,126065999258435
0,135335558027438
0,144605116796441
0,153874675565443
0,163144234334446
0,172413793103448
0,181683351872451
0,190952910641453
0,200222469410456
0,209492028179459
0,218761586948461
0,228031145717464
0,237300704486467
0,246570263255469
0,255839822024472
0,265109380793474
0,274378939562477
0,28364849833148
0,292918057100482
0,302187615869485
0,311457174638487
0,32072673340749
0,329996292176493
0,339265850945495
0,348535409714498
0,3578049684835
0,367074527252503
0,376344086021506
0,385613644790508
0,394883203559511
0,404152762328513
0,413422321097516
0,422691879866518
0,431961438635521
0,441230997404524
0,450500556173526
0,459770114942529
0,469039673711532
0,478309232480534
0,487578791249537
0,496848350018539
0,506117908787542
0,515387467556545
0,524657026325547
0,53392658509455
0,543196143863552
0,552465702632555
0,561735261401558
0,57100482017056
0,580274378939563
0,589543937708565
0,598813496477568
0,608083055246571
0,617352614015573
0,626622172784576
0,635891731553578
0,645161290322581
0,654430849091584
0,663700407860586
0,672969966629589
0,682239525398591
0,691509084167594
0,700778642936597
0,710048201705599
0,719317760474602
0,728587319243604
0,737856878012607
0,74712643678161
0,756395995550612
0,765665554319615
0,774935113088617
0,78420467185762
0,793474230626623
0,802743789395625
0,812013348164628
0,82128290693363
0,830552465702633
0,839822024471636
0,849091583240638
0,858361142009641
0,867630700778643
0,876900259547646
0,886169818316649
0,895439377085651
0,904708935854654
0,913978494623656
0,923248053392659
0,932517612161662
0,941787170930664
0,951056729699667
0,960326288468669
0,969595847237672
0,978865406006675
0,988134964775677
0,99740452354468
0,00667408231368237
0,015943641082685
0,0252131998516876
0,0344827586206902
0,0437523173896928
0,0530218761586954
0,062291434927698
0,0715609936967006
0,0808305524657032
0,0901001112347058
0,0993696700037083
0,108639228772711
0,117908787541713
0,127178346310716
0,136447905079719
0,145717463848721
0,154987022617724
0,164256581386726
0,173526140155729
0,182795698924732
0,192065257693734
0,201334816462737
0,210604375231739
0,219873934000742
0,229143492769745
0,238413051538747
0,24768261030775
0,256952169076752
0,266221727845755
0,275491286614758
0,28476084538376
0,294030404152763
0,303299962921765
0,312569521690768
0,321839080459771
0,331108639228773
0,340378197997776
0,349647756766778
0,358917315535781
0,368186874304784
0,377456433073786
0,386725991842789
0,395995550611791
0,405265109380794
0,414534668149797
0,423804226918799
0,433073785687802
0,442343344456804
0,451612903225807
0,460882461994809
0,470152020763812
0,479421579532815
0,488691138301817
0,49796069707082
0,507230255839823
0,516499814608825
0,525769373377828
0,53503893214683
0,544308490915833
0,553578049684835
0,562847608453838
0,572117167222841
0,581386725991843
0,590656284760846
0,599925843529848
0,609195402298851
0,618464961067854
0,627734519836856
0,637004078605859
0,646273637374861
0,655543196143864
0,664812754912867
0,674082313681869
0,683351872450872
0,692621431219874
0,701890989988877
0,711160548757879
0,720430107526882
0,729699666295885
0,738969225064887
0,74823878383389
0,757508342602892
0,766777901371895
0,776047460140898
0,7853170189099
0,794586577678903
0,803856136447906
0,813125695216908
0,822395253985911
0,831664812754913
0,840934371523916
0,850203930292919
0,859473489061921
0,868743047830924
0,878012606599926
0,887282165368929
0,896551724137931
0,905821282906934
0,915090841675937
0,924360400444939
0,933629959213942
0,942899517982944
0,952169076751947
0,96143863552095
0,970708194289952
0,979977753058955
0,989247311827957
0,99851687059696
0,00778642936596256
0,0170559881349652
0,0263255469039678
0,0355951056729702
0,044864664441973
0,0541342232109754
0,0634037819799782
0,0726733407489806
0,0819428995179834
0,0912124582869858
0,100482017055989
0,109751575824991
0,119021134593994
0,128290693362996
0,137560252131999
0,146829810901001
0,156099369670004
0,165368928439007
0,174638487208009
0,183908045977012
0,193177604746014
0,202447163515017
0,21171672228402
0,220986281053022
0,230255839822025
0,239525398591027
0,24879495736003
0,258064516129033
0,267334074898035
0,276603633667038
0,28587319243604
0,295142751205043
0,304412309974045
0,313681868743048
0,322951427512051
0,332220986281053
0,341490545050056
0,350760103819059
0,360029662588061
0,369299221357064
0,378568780126066
0,387838338895069
0,397107897664071
0,406377456433074
0,415647015202077
0,424916573971079
0,434186132740082
0,443455691509084
0,452725250278087
0,461994809047089
0,471264367816092
0,480533926585095
0,489803485354097
0,4990730441231
0,508342602892103
0,517612161661105
0,526881720430108
0,53615127919911
0,545420837968113
0,554690396737116
0,563959955506118
0,573229514275121
0,582499073044124
0,591768631813126
0,601038190582129
0,610307749351131
0,619577308120134
0,628846866889136
0,638116425658139
0,647385984427141
0,656655543196144
0,665925101965147
0,675194660734149
0,684464219503152
0,693733778272154
0,703003337041157
0,71227289581016
0,721542454579162
0,730812013348165
0,740081572117168
0,74935113088617
0,758620689655173
0,767890248424175
0,777159807193178
0,78642936596218
0,795698924731183
0,804968483500185
0,814238042269188
0,823507601038191
0,832777159807193
0,842046718576196
0,851316277345199
0,860585836114201
0,869855394883204
0,879124953652206
0,888394512421209
0,897664071190212
0,906933629959214
0,916203188728217
0,925472747497219
0,934742306266222
0,944011865035225
0,953281423804227
0,96255098257323
0,971820541342232
0,981090100111235
0,990359658880238
0,99962921764924
0,00889877641824275
0,0181683351872452
0,027437893956248
0,0367074527252504
0,0459770114942532
0,0552465702632556
0,0645161290322584
0,0737856878012608
0,0830552465702632
0,092324805339266
0,101594364108269
0,110863922877271
0,120133481646274
0,129403040415276
0,138672599184279
0,147942157953282
0,157211716722284
0,166481275491287
0,17575083426029
0,185020393029292
0,194289951798295
0,203559510567297
0,2128290693363
0,222098628105303
0,231368186874305
0,240637745643308
0,24990730441231
0,259176863181313
0,268446421950315
0,277715980719318
0,286985539488321
0,296255098257323
0,305524657026326
0,314794215795328
0,324063774564331
0,333333333333334
0,342602892102336
0,351872450871339
0,361142009640341
0,370411568409344
0,379681127178347
0,388950685947349
0,398220244716352
0,407489803485354
0,416759362254357
0,42602892102336
0,435298479792362
0,444568038561365
0,453837597330368
0,46310715609937
0,472376714868373
0,481646273637375
0,490915832406378
0,50018539117538
0,509454949944383
0,518724508713386
0,527994067482389
0,537263626251391
0,546533185020394
0,555802743789396
0,565072302558399
0,574341861327401
0,583611420096404
0,592880978865407
0,602150537634409
0,611420096403412
0,620689655172414
0,629959213941417
0,639228772710419
0,648498331479422
0,657767890248425
0,667037449017427
0,67630700778643
0,685576566555433
0,694846125324435
0,704115684093438
0,71338524286244
0,722654801631443
0,731924360400446
0,741193919169448
0,750463477938451
0,759733036707454
0,769002595476456
0,778272154245459
0,787541713014461
0,796811271783464
0,806080830552466
0,815350389321469
0,824619948090472
0,833889506859474
0,843159065628477
0,852428624397479
0,861698183166482
0,870967741935485
0,880237300704487
0,88950685947349
0,898776418242492
0,908045977011495
0,917315535780498
0,9265850945495
0,935854653318503
0,945124212087505
0,954393770856508
0,96366332962551
0,972932888394513
0,982202447163516
0,991472005932519
0,000741564701520949
0,0100111234705233
0,0192806822395261
0,0285502410085289
0,0378197997775313
0,0470893585465337
0,0563589173155365
0,0656284760845393
0,0748980348535417
0,0841675936225441
0,0934371523915469
0,10270671116055
0,111976269929552
0,121245828698554
0,130515387467557
0,13978494623656
0,149054505005562
0,158324063774565
0,167593622543568
0,17686318131257
0,186132740081573
0,195402298850575
0,204671857619578
0,21394141638858
0,223210975157583
0,232480533926586
0,241750092695588
0,251019651464591
0,260289210233594
